0.5 0.50269
0.5 0.50269
0.333333 0.33582
0.333333 0.33582
0.25 0.25041
0.25 0.25041
0.2 0.19852
0.2 0.19852
0.166667 0.16553
0.166667 0.16553
0.142857 0.14082
0.142857 0.14082
0.125 0.1219
0.125 0.1219
0.111111 0.10871
0.111111 0.10871
0.1 0.09821
0.1 0.09821
0.0909091 0.08972
0.0909091 0.08972
0.0833333 0.08227
0.0833333 0.08227
0.0769231 0.07596
0.0769231 0.07596
0.0714286 0.07111
0.0714286 0.07111
0.0666667 0.06641
0.0666667 0.06641
0.0625 0.06299
0.0625 0.06299
0.0588235 0.05932
0.0588235 0.05932
0.0555556 0.0561
0.0555556 0.0561
0.0526316 0.05315
0.0526316 0.05315
0.05 0.0506
0.05 0.0506
0.047619 0.04791
0.047619 0.04791
0.0454545 0.04612
0.0454545 0.04612
0.0434783 0.04388
0.0434783 0.04388
0.0416667 0.04229
0.0416667 0.04229
0.04 0.04063
0.04 0.04063
0.0384615 0.03881
0.0384615 0.03881
0.037037 0.03742
0.037037 0.03742
0.0357143 0.03577
0.0357143 0.03577
0.0344828 0.03445
0.0344828 0.03445
0.0333333 0.03336
0.0333333 0.03336
0.0322581 0.03223
0.0322581 0.03223
0.03125 0.03103
0.03125 0.03103
0.030303 0.02987
0.030303 0.02987
0.0294118 0.02904
0.0294118 0.02904
0.0285714 0.02817
0.0285714 0.02817
0.0277778 0.0275
0.0277778 0.0275
0.027027 0.02664
0.027027 0.02664
0.0263158 0.02591
0.0263158 0.02591
0.025641 0.02537
0.025641 0.02537
0.025 0.02471
0.025 0.02471
0.0243902 0.02393
0.0243902 0.02393
0.0238095 0.02347
0.0238095 0.02347
0.0232558 0.02292
0.0232558 0.02292
0.0227273 0.0221
0.0227273 0.0221
0.0222222 0.02151
0.0222222 0.02151
0.0217391 0.02097
0.0217391 0.02097
0.0212766 0.02042
0.0212766 0.02042
0.0208333 0.01989
0.0208333 0.01989
0.0204082 0.01973
0.0204082 0.01973
0.02 0.01925
0.02 0.01925
0.0196078 0.01887
0.0196078 0.01887
0.0192308 0.01866
0.0192308 0.01866
0.0188679 0.01837
0.0188679 0.01837
0.0185185 0.01805
0.0185185 0.01805
0.0181818 0.0177
0.0181818 0.0177
0.0178571 0.01743
0.0178571 0.01743
0.0175439 0.01714
0.0175439 0.01714
0.0172414 0.01683
0.0172414 0.01683
0.0169492 0.01663
0.0169492 0.01663
0.0166667 0.01626
0.0166667 0.01626
0.0163934 0.01597
0.0163934 0.01597
0.016129 0.01581
0.016129 0.01581
0.015873 0.01541
0.015873 0.01541
0.015625 0.01543
0.015625 0.01543
0.0153846 0.01529
0.0153846 0.01529
0.0151515 0.01509
0.0151515 0.01509
0.0149254 0.01491
0.0149254 0.01491
0.0147059 0.01475
0.0147059 0.01475
0.0144928 0.01458
0.0144928 0.01458
0.0142857 0.01436
0.0142857 0.01436
0.0140845 0.01412
0.0140845 0.01412
0.0138889 0.01383
0.0138889 0.01383
0.0136986 0.01359
0.0136986 0.01359
0.0135135 0.01338
0.0135135 0.01338
0.0133333 0.01321
0.0133333 0.01321
0.0131579 0.01303
0.0131579 0.01303
0.012987 0.01284
0.012987 0.01284
0.0128205 0.01267
0.0128205 0.01267
0.0126582 0.01241
0.0126582 0.01241
0.0125 0.01226
0.0125 0.01226
0.0123457 0.01222
0.0123457 0.01222
0.0121951 0.01213
0.0121951 0.01213
0.0120482 0.01197
0.0120482 0.01197
0.0119048 0.01187
0.0119048 0.01187
0.0117647 0.01163
0.0117647 0.01163
0.0116279 0.01142
0.0116279 0.01142
0.0114943 0.01134
0.0114943 0.01134
0.0113636 0.01139
0.0113636 0.01139
0.011236 0.01125
0.011236 0.01125
0.0111111 0.01119
0.0111111 0.01119
0.010989 0.01115
0.010989 0.01115
0.0108696 0.01106
0.0108696 0.01106
0.0107527 0.01082
0.0107527 0.01082
0.0106383 0.01077
0.0106383 0.01077
0.0105263 0.01069
0.0105263 0.01069
0.0104167 0.01063
0.0104167 0.01063
0.0103093 0.01052
0.0103093 0.01052
0.0102041 0.0103
0.0102041 0.0103
0.010101 0.01024
0.010101 0.01024
0.01 0.01012
0.01 0.01012
0.00990099 0.01014
0.00990099 0.01014
0.00980392 0.01007
0.00980392 0.01007
0.00970874 0.00991
0.00970874 0.00991
0.00961538 0.00977
0.00961538 0.00977
0.00952381 0.0097
0.00952381 0.0097
0.00943396 0.0096
0.00943396 0.0096
0.00934579 0.00946
0.00934579 0.00946
0.00925926 0.00942
0.00925926 0.00942
0.00917431 0.00936
0.00917431 0.00936
0.00909091 0.00924
0.00909091 0.00924
0.00900901 0.00919
0.00900901 0.00919
0.00892857 0.00911
0.00892857 0.00911
0.00884956 0.00898
0.00884956 0.00898
0.00877193 0.00885
0.00877193 0.00885
0.00869565 0.00879
0.00869565 0.00879
0.00862069 0.00878
0.00862069 0.00878
0.00854701 0.00872
0.00854701 0.00872
0.00847458 0.00869
0.00847458 0.00869
0.00840336 0.00864
0.00840336 0.00864
0.00833333 0.0086
0.00833333 0.0086
0.00826446 0.00851
0.00826446 0.00851
0.00819672 0.00844
0.00819672 0.00844
0.00813008 0.00831
0.00813008 0.00831
0.00806452 0.00824
0.00806452 0.00824
0.008 0.00824
0.008 0.00824
0.00793651 0.00822
0.00793651 0.00822
0.00787402 0.00809
0.00787402 0.00809
0.0078125 0.00801
0.0078125 0.00801
0.00775194 0.00791
0.00775194 0.00791
0.00769231 0.00785
0.00769231 0.00785
0.00763359 0.00776
0.00763359 0.00776
0.00757576 0.0077
0.00757576 0.0077
0.0075188 0.00764
0.0075188 0.00764
0.00746269 0.00757
0.00746269 0.00757
0.00740741 0.00753
0.00740741 0.00753
0.00735294 0.00744
0.00735294 0.00744
0.00729927 0.00743
0.00729927 0.00743
0.00724638 0.00733
0.00724638 0.00733
0.00719424 0.00727
0.00719424 0.00727
0.00714286 0.00727
0.00714286 0.00727
0.0070922 0.00722
0.0070922 0.00722
0.00704225 0.00716
0.00704225 0.00716
0.00699301 0.00712
0.00699301 0.00712
0.00694444 0.00706
0.00694444 0.00706
0.00689655 0.00704
0.00689655 0.00704
0.00684932 0.00703
0.00684932 0.00703
0.00680272 0.00698
0.00680272 0.00698
0.00675676 0.0069
0.00675676 0.0069
0.00671141 0.00687
0.00671141 0.00687
0.00666667 0.00682
0.00666667 0.00682
0.00662252 0.00675
0.00662252 0.00675
0.00657895 0.0067
0.00657895 0.0067
0.00653595 0.00666
0.00653595 0.00666
0.00649351 0.00657
0.00649351 0.00657
0.00645161 0.00657
0.00645161 0.00657
0.00641026 0.00653
0.00641026 0.00653
0.00636943 0.00652
0.00636943 0.00652
0.00632911 0.00651
0.00632911 0.00651
0.00628931 0.00642
0.00628931 0.00642
0.00625 0.00639
0.00625 0.00639
0.00621118 0.00639
0.00621118 0.00639
0.00617284 0.0063
0.00617284 0.0063
0.00613497 0.00623
0.00613497 0.00623
0.00609756 0.0062
0.00609756 0.0062
0.00606061 0.00617
0.00606061 0.00617
0.0060241 0.00617
0.0060241 0.00617
0.00598802 0.00606
0.00598802 0.00606
0.00595238 0.006
0.00595238 0.006
0.00591716 0.00601
0.00591716 0.00601
0.00588235 0.00598
0.00588235 0.00598
0.00584795 0.00595
0.00584795 0.00595
0.00581395 0.00593
0.00581395 0.00593
0.00578035 0.0059
0.00578035 0.0059
0.00574713 0.00584
0.00574713 0.00584
0.00571429 0.00572
0.00571429 0.00572
0.00568182 0.00561
0.00568182 0.00561
0.00564972 0.0056
0.00564972 0.0056
0.00561798 0.00561
0.00561798 0.00561
0.00558659 0.00557
0.00558659 0.00557
0.00555556 0.00551
0.00555556 0.00551
0.00552486 0.00546
0.00552486 0.00546
0.00549451 0.00542
0.00549451 0.00542
0.00546448 0.00536
0.00546448 0.00536
0.00543478 0.00534
0.00543478 0.00534
0.00540541 0.00531
0.00540541 0.00531
0.00537634 0.00537
0.00537634 0.00537
0.00534759 0.00532
0.00534759 0.00532
0.00531915 0.00528
0.00531915 0.00528
0.00529101 0.00527
0.00529101 0.00527
0.00526316 0.0052
0.00526316 0.0052
0.0052356 0.00519
0.0052356 0.00519
0.00520833 0.0051
0.00520833 0.0051
0.00518135 0.00507
0.00518135 0.00507
0.00515464 0.00505
0.00515464 0.00505
0.00512821 0.00502
0.00512821 0.00502
0.00510204 0.00503
0.00510204 0.00503
0.00507614 0.00499
0.00507614 0.00499
0.00505051 0.00499
0.00505051 0.00499
0.00502513 0.00498
0.00502513 0.00498
0.005 0.00496
0.005 0.00496
0.00497512 0.00489
0.00497512 0.00489
0.0049505 0.00484
0.0049505 0.00484
0.00492611 0.0048
0.00492611 0.0048
0.00490196 0.00475
0.00490196 0.00475
0.00487805 0.00475
0.00487805 0.00475
0.00485437 0.00473
0.00485437 0.00473
0.00483092 0.00471
0.00483092 0.00471
0.00480769 0.00466
0.00480769 0.00466
0.00478469 0.00464
0.00478469 0.00464
0.0047619 0.00455
0.0047619 0.00455
0.00473934 0.00456
0.00473934 0.00456
0.00471698 0.00454
0.00471698 0.00454
0.00469484 0.00456
0.00469484 0.00456
0.0046729 0.00453
0.0046729 0.00453
0.00465116 0.00446
0.00465116 0.00446
0.00462963 0.00441
0.00462963 0.00441
0.00460829 0.00438
0.00460829 0.00438
0.00458716 0.00433
0.00458716 0.00433
0.00456621 0.00433
0.00456621 0.00433
0.00454545 0.00433
0.00454545 0.00433
0.00452489 0.00432
0.00452489 0.00432
0.0045045 0.0043
0.0045045 0.0043
0.0044843 0.00431
0.0044843 0.00431
0.00446429 0.00426
0.00446429 0.00426
0.00444444 0.00425
0.00444444 0.00425
0.00442478 0.00426
0.00442478 0.00426
0.00440529 0.00422
0.00440529 0.00422
0.00438596 0.00424
0.00438596 0.00424
0.00436681 0.0042
0.00436681 0.0042
0.00434783 0.00418
0.00434783 0.00418
0.004329 0.00413
0.004329 0.00413
0.00431034 0.00411
0.00431034 0.00411
0.00429185 0.00408
0.00429185 0.00408
0.0042735 0.00408
0.0042735 0.00408
0.00425532 0.00404
0.00425532 0.00404
0.00423729 0.004
0.00423729 0.004
0.00421941 0.004
0.00421941 0.004
0.00420168 0.00396
0.00420168 0.00396
0.0041841 0.00392
0.0041841 0.00392
0.00416667 0.00387
0.00416667 0.00387
0.00414938 0.00388
0.00414938 0.00388
0.00413223 0.00389
0.00413223 0.00389
0.00411523 0.00388
0.00411523 0.00388
0.00409836 0.00388
0.00409836 0.00388
0.00408163 0.00387
0.00408163 0.00387
0.00406504 0.00387
0.00406504 0.00387
0.00404858 0.00384
0.00404858 0.00384
0.00403226 0.00385
0.00403226 0.00385
0.00401606 0.00385
0.00401606 0.00385
0.004 0.00381
0.004 0.00381
0.00398406 0.00378
0.00398406 0.00378
0.00396825 0.00376
0.00396825 0.00376
0.00395257 0.00374
0.00395257 0.00374
0.00393701 0.00377
0.00393701 0.00377
0.00392157 0.00374
0.00392157 0.00374
0.00390625 0.00373
0.00390625 0.00373
0.00389105 0.0037
0.00389105 0.0037
0.00387597 0.00369
0.00387597 0.00369
0.003861 0.00368
0.003861 0.00368
0.00384615 0.00366
0.00384615 0.00366
0.00383142 0.00369
0.00383142 0.00369
0.00381679 0.00367
0.00381679 0.00367
0.00380228 0.00366
0.00380228 0.00366
0.00378788 0.00366
0.00378788 0.00366
0.00377358 0.00367
0.00377358 0.00367
0.0037594 0.00364
0.0037594 0.00364
0.00374532 0.00365
0.00374532 0.00365
0.00373134 0.00362
0.00373134 0.00362
0.00371747 0.00361
0.00371747 0.00361
0.0037037 0.00358
0.0037037 0.00358
0.00369004 0.00358
0.00369004 0.00358
0.00367647 0.00358
0.00367647 0.00358
0.003663 0.00357
0.003663 0.00357
0.00364964 0.00353
0.00364964 0.00353
0.00363636 0.00355
0.00363636 0.00355
0.00362319 0.00356
0.00362319 0.00356
0.00361011 0.00354
0.00361011 0.00354
0.00359712 0.00357
0.00359712 0.00357
0.00358423 0.00353
0.00358423 0.00353
0.00357143 0.00351
0.00357143 0.00351
0.00355872 0.00352
0.00355872 0.00352
0.0035461 0.0035
0.0035461 0.0035
0.00353357 0.00349
0.00353357 0.00349
0.00352113 0.00347
0.00352113 0.00347
0.00350877 0.00345
0.00350877 0.00345
0.0034965 0.00346
0.0034965 0.00346
0.00348432 0.00344
0.00348432 0.00344
0.00347222 0.00343
0.00347222 0.00343
0.00346021 0.0034
0.00346021 0.0034
0.00344828 0.00338
0.00344828 0.00338
0.00343643 0.0034
0.00343643 0.0034
0.00342466 0.00339
0.00342466 0.00339
0.00341297 0.0034
0.00341297 0.0034
0.00340136 0.0034
0.00340136 0.0034
0.00338983 0.00341
0.00338983 0.00341
0.00337838 0.00341
0.00337838 0.00341
0.003367 0.00338
0.003367 0.00338
0.0033557 0.00338
0.0033557 0.00338
0.00334448 0.00337
0.00334448 0.00337
0.00333333 0.00338
0.00333333 0.00338
0.00332226 0.00341
0.00332226 0.00341
0.00331126 0.00343
0.00331126 0.00343
0.00330033 0.00344
0.00330033 0.00344
0.00328947 0.00345
0.00328947 0.00345
0.00327869 0.00342
0.00327869 0.00342
0.00326797 0.00339
0.00326797 0.00339
0.00325733 0.00341
0.00325733 0.00341
0.00324675 0.0034
0.00324675 0.0034
0.00323625 0.00338
0.00323625 0.00338
0.00322581 0.00334
0.00322581 0.00334
0.00321543 0.00332
0.00321543 0.00332
0.00320513 0.00331
0.00320513 0.00331
0.00319489 0.00328
0.00319489 0.00328
0.00318471 0.00328
0.00318471 0.00328
0.0031746 0.00326
0.0031746 0.00326
0.00316456 0.00324
0.00316456 0.00324
0.00315457 0.00321
0.00315457 0.00321
0.00314465 0.00324
0.00314465 0.00324
0.0031348 0.00322
0.0031348 0.00322
0.003125 0.0032
0.003125 0.0032
0.00311526 0.00321
0.00311526 0.00321
0.00310559 0.00315
0.00310559 0.00315
0.00309598 0.00314
0.00309598 0.00314
0.00308642 0.00312
0.00308642 0.00312
0.00307692 0.00313
0.00307692 0.00313
0.00306748 0.00313
0.00306748 0.00313
0.0030581 0.0031
0.0030581 0.0031
0.00304878 0.00308
0.00304878 0.00308
0.00303951 0.00306
0.00303951 0.00306
0.0030303 0.00305
0.0030303 0.00305
0.00302115 0.00305
0.00302115 0.00305
0.00301205 0.00302
0.00301205 0.00302
0.003003 0.003
0.003003 0.003
0.00299401 0.00301
0.00299401 0.00301
0.00298507 0.003
0.00298507 0.003
0.00297619 0.003
0.00297619 0.003
0.00296736 0.00298
0.00296736 0.00298
0.00295858 0.00297
0.00295858 0.00297
0.00294985 0.00299
0.00294985 0.00299
0.00294118 0.003
0.00294118 0.003
0.00293255 0.003
0.00293255 0.003
0.00292398 0.00299
0.00292398 0.00299
0.00291545 0.00297
0.00291545 0.00297
0.00290698 0.00297
0.00290698 0.00297
0.00289855 0.00295
0.00289855 0.00295
0.00289017 0.00293
0.00289017 0.00293
0.00288184 0.00293
0.00288184 0.00293
0.00287356 0.00292
0.00287356 0.00292
0.00286533 0.00293
0.00286533 0.00293
0.00285714 0.00292
0.00285714 0.00292
0.002849 0.00293
0.002849 0.00293
0.00284091 0.00295
0.00284091 0.00295
0.00283286 0.00293
0.00283286 0.00293
0.00282486 0.00298
0.00282486 0.00298
0.0028169 0.00298
0.0028169 0.00298
0.00280899 0.00297
0.00280899 0.00297
0.00280112 0.00296
0.00280112 0.00296
0.0027933 0.00296
0.0027933 0.00296
0.00278552 0.00296
0.00278552 0.00296
0.00277778 0.00296
0.00277778 0.00296
0.00277008 0.00295
0.00277008 0.00295
0.00276243 0.00294
0.00276243 0.00294
0.00275482 0.00295
0.00275482 0.00295
0.00274725 0.00293
0.00274725 0.00293
0.00273973 0.00293
0.00273973 0.00293
0.00273224 0.00295
0.00273224 0.00295
0.0027248 0.00293
0.0027248 0.00293
0.00271739 0.0029
0.00271739 0.0029
0.00271003 0.00288
0.00271003 0.00288
0.0027027 0.00288
0.0027027 0.00288
0.00269542 0.00287
0.00269542 0.00287
0.00268817 0.00285
0.00268817 0.00285
0.00268097 0.00283
0.00268097 0.00283
0.0026738 0.00281
0.0026738 0.00281
0.00266667 0.00279
0.00266667 0.00279
0.00265957 0.00277
0.00265957 0.00277
0.00265252 0.00276
0.00265252 0.00276
0.0026455 0.00276
0.0026455 0.00276
0.00263852 0.00276
0.00263852 0.00276
0.00263158 0.00277
0.00263158 0.00277
0.00262467 0.00276
0.00262467 0.00276
0.0026178 0.00274
0.0026178 0.00274
0.00261097 0.00274
0.00261097 0.00274
0.00260417 0.00274
0.00260417 0.00274
0.0025974 0.00274
0.0025974 0.00274
0.00259067 0.00272
0.00259067 0.00272
0.00258398 0.00269
0.00258398 0.00269
0.00257732 0.00267
0.00257732 0.00267
0.00257069 0.00267
0.00257069 0.00267
0.0025641 0.00266
0.0025641 0.00266
0.00255754 0.00264
0.00255754 0.00264
0.00255102 0.00263
0.00255102 0.00263
0.00254453 0.00263
0.00254453 0.00263
0.00253807 0.00264
0.00253807 0.00264
0.00253165 0.00262
0.00253165 0.00262
0.00252525 0.00263
0.00252525 0.00263
0.00251889 0.00263
0.00251889 0.00263
0.00251256 0.00263
0.00251256 0.00263
0.00250627 0.00262
0.00250627 0.00262
0.0025 0.0026
0.0025 0.0026
0.00249377 0.0026
0.00249377 0.0026
0.00248756 0.00258
0.00248756 0.00258
0.00248139 0.00257
0.00248139 0.00257
0.00247525 0.00256
0.00247525 0.00256
0.00246914 0.00256
0.00246914 0.00256
0.00246305 0.00258
0.00246305 0.00258
0.002457 0.0026
0.002457 0.0026
0.00245098 0.00262
0.00245098 0.00262
0.00244499 0.0026
0.00244499 0.0026
0.00243902 0.00259
0.00243902 0.00259
0.00243309 0.0026
0.00243309 0.0026
0.00242718 0.0026
0.00242718 0.0026
0.00242131 0.00258
0.00242131 0.00258
0.00241546 0.00258
0.00241546 0.00258
0.00240964 0.00258
0.00240964 0.00258
0.00240385 0.00257
0.00240385 0.00257
0.00239808 0.00258
0.00239808 0.00258
0.00239234 0.00256
0.00239234 0.00256
0.00238663 0.00256
0.00238663 0.00256
0.00238095 0.00253
0.00238095 0.00253
0.0023753 0.00252
0.0023753 0.00252
0.00236967 0.00251
0.00236967 0.00251
0.00236407 0.00252
0.00236407 0.00252
0.00235849 0.00249
0.00235849 0.00249
0.00235294 0.00248
0.00235294 0.00248
0.00234742 0.00247
0.00234742 0.00247
0.00234192 0.00246
0.00234192 0.00246
0.00233645 0.00246
0.00233645 0.00246
0.002331 0.00245
0.002331 0.00245
0.00232558 0.00244
0.00232558 0.00244
0.00232019 0.00243
0.00232019 0.00243
0.00231481 0.00241
0.00231481 0.00241
0.00230947 0.00241
0.00230947 0.00241
0.00230415 0.00242
0.00230415 0.00242
0.00229885 0.00242
0.00229885 0.00242
0.00229358 0.00241
0.00229358 0.00241
0.00228833 0.0024
0.00228833 0.0024
0.00228311 0.00237
0.00228311 0.00237
0.0022779 0.00235
0.0022779 0.00235
0.00227273 0.00234
0.00227273 0.00234
0.00226757 0.00235
0.00226757 0.00235
0.00226244 0.00231
0.00226244 0.00231
0.00225734 0.00229
0.00225734 0.00229
0.00225225 0.00228
0.00225225 0.00228
0.00224719 0.00227
0.00224719 0.00227
0.00224215 0.00227
0.00224215 0.00227
0.00223714 0.00228
0.00223714 0.00228
0.00223214 0.00229
0.00223214 0.00229
0.00222717 0.00229
0.00222717 0.00229
0.00222222 0.00228
0.00222222 0.00228
0.00221729 0.00228
0.00221729 0.00228
0.00221239 0.00226
0.00221239 0.00226
0.00220751 0.00226
0.00220751 0.00226
0.00220264 0.00226
0.00220264 0.00226
0.0021978 0.00225
0.0021978 0.00225
0.00219298 0.00223
0.00219298 0.00223
0.00218818 0.00224
0.00218818 0.00224
0.00218341 0.00223
0.00218341 0.00223
0.00217865 0.0022
0.00217865 0.0022
0.00217391 0.0022
0.00217391 0.0022
0.0021692 0.0022
0.0021692 0.0022
0.0021645 0.00221
0.0021645 0.00221
0.00215983 0.0022
0.00215983 0.0022
0.00215517 0.0022
0.00215517 0.0022
0.00215054 0.00219
0.00215054 0.00219
0.00214592 0.00218
0.00214592 0.00218
0.00214133 0.00217
0.00214133 0.00217
0.00213675 0.00214
0.00213675 0.00214
0.0021322 0.00212
0.0021322 0.00212
0.00212766 0.00214
0.00212766 0.00214
0.00212314 0.00212
0.00212314 0.00212
0.00211864 0.00212
0.00211864 0.00212
0.00211416 0.00212
0.00211416 0.00212
0.0021097 0.00211
0.0021097 0.00211
0.00210526 0.00212
0.00210526 0.00212
0.00210084 0.00212
0.00210084 0.00212
0.00209644 0.00212
0.00209644 0.00212
0.00209205 0.00212
0.00209205 0.00212
0.00208768 0.00212
0.00208768 0.00212
0.00208333 0.00212
0.00208333 0.00212
0.002079 0.00209
0.002079 0.00209
0.00207469 0.00208
0.00207469 0.00208
0.00207039 0.00208
0.00207039 0.00208
0.00206612 0.00206
0.00206612 0.00206
0.00206186 0.00206
0.00206186 0.00206
0.00205761 0.00204
0.00205761 0.00204
0.00205339 0.00205
0.00205339 0.00205
0.00204918 0.00204
0.00204918 0.00204
0.00204499 0.00203
0.00204499 0.00203
0.00204082 0.00203
0.00204082 0.00203
0.00203666 0.00203
0.00203666 0.00203
0.00203252 0.00201
0.00203252 0.00201
0.0020284 0.002
0.0020284 0.002
0.00202429 0.002
0.00202429 0.002
0.0020202 0.00198
0.0020202 0.00198
0.00201613 0.00196
0.00201613 0.00196
0.00201207 0.00196
0.00201207 0.00196
0.00200803 0.00195
0.00200803 0.00195
0.00200401 0.00194
0.00200401 0.00194
0.002 0.00194
0.002 0.00194
0.00199601 0.00194
0.00199601 0.00194
