20 0
40 0.075
60 0.0666667
80 0.075
100 0.1
120 0.1
140 0.107143
160 0.09375
180 0.0888889
200 0.09
220 0.0954545
240 0.108333
260 0.111538
280 0.110714
300 0.106667
320 0.103125
340 0.108824
360 0.108333
380 0.110526
400 0.1075
420 0.111905
440 0.106818
460 0.104348
480 0.108333
500 0.104
520 0.105769
540 0.101852
560 0.101786
580 0.101724
600 0.1
620 0.0983871
640 0.096875
660 0.0969697
680 0.0970588
700 0.0942857
720 0.0944444
740 0.0959459
760 0.0947368
780 0.0935897
800 0.09375
820 0.0926829
840 0.0952381
860 0.0930233
880 0.0920455
900 0.0911111
920 0.0913043
940 0.0925532
960 0.090625
980 0.0887755
1000 0.091
1020 0.0901961
1040 0.0884615
1060 0.0877358
1080 0.0861111
1100 0.0845455
1120 0.0839286
1140 0.0859649
1160 0.087069
1180 0.0881356
1200 0.0875
1220 0.0885246
1240 0.0895161
1260 0.0896825
1280 0.090625
1300 0.0907692
1320 0.0893939
1340 0.088806
1360 0.0897059
1380 0.0905797
1400 0.09
1420 0.0901408
1440 0.0902778
1460 0.090411
1480 0.0898649
1500 0.0886667
1520 0.0881579
1540 0.0876623
1560 0.0865385
1580 0.085443
1600 0.085625
1620 0.0858025
1640 0.0853659
1660 0.0861446
1680 0.0869048
1700 0.0864706
1720 0.0872093
1740 0.0867816
1760 0.0857955
1780 0.0853933
1800 0.085
1820 0.0851648
1840 0.0842391
1860 0.0833333
1880 0.0851064
1900 0.0852632
1920 0.0859375
1940 0.0865979
1960 0.0867347
1980 0.0863636
2000 0.0865
2020 0.0861386
2040 0.0867647
2060 0.0864078
2080 0.0879808
2100 0.0880952
2120 0.0872642
2140 0.0883178
2160 0.0888889
2180 0.0885321
2200 0.0881818
2220 0.0887387
2240 0.0879464
2260 0.0884956
2280 0.0881579
2300 0.0882609
2320 0.0875
2340 0.0876068
2360 0.0868644
2380 0.0869748
2400 0.0870833
2420 0.0876033
2440 0.0872951
2460 0.0873984
2480 0.0866935
2500 0.086
2520 0.0861111
2540 0.0866142
2560 0.0871094
2580 0.0868217
2600 0.0869231
2620 0.0877863
2640 0.0886364
2660 0.0887218
2680 0.0880597
2700 0.0892593
2720 0.0900735
2740 0.0894161
2760 0.0894928
2780 0.0892086
2800 0.0892857
2820 0.0893617
2840 0.0890845
2860 0.0891608
2880 0.0892361
2900 0.0886207
2920 0.0883562
2940 0.0887755
2960 0.0885135
2980 0.088255
3000 0.0886667
3020 0.0890728
3040 0.0891447
3060 0.0885621
3080 0.0883117
3100 0.0887097
3120 0.0884615
3140 0.0882166
3160 0.0886076
3180 0.0883648
3200 0.0884375
3220 0.0885093
3240 0.087963
3260 0.0883436
3280 0.0890244
3300 0.0890909
3320 0.0894578
3340 0.0898204
3360 0.0895833
3380 0.0905325
3400 0.09
3420 0.0897661
3440 0.0901163
3460 0.0904624
3480 0.0905172
3500 0.0905714
3520 0.090625
3540 0.0903955
3560 0.0901685
3580 0.0899441
3600 0.0897222
3620 0.0895028
3640 0.089011
3660 0.0887978
3680 0.0883152
3700 0.0878378
3720 0.0876344
3740 0.0879679
3760 0.087766
3780 0.0875661
3800 0.0878947
3820 0.0876963
3840 0.0880208
3860 0.088601
3880 0.0886598
3900 0.0882051
3920 0.0880102
3940 0.0878173
3960 0.0883838
3980 0.088191
4000 0.08825
4020 0.0885572
4040 0.0886139
4060 0.0889163
4080 0.0887255
4100 0.0882927
4120 0.0878641
4140 0.0881642
4160 0.0882212
4180 0.088756
4200 0.0883333
4220 0.0879147
4240 0.0875
4260 0.0875587
4280 0.0873832
4300 0.0872093
4320 0.0868056
4340 0.0864055
4360 0.0866973
4380 0.086758
4400 0.0868182
4420 0.0866516
4440 0.0869369
4460 0.0865471
4480 0.0863839
4500 0.0866667
4520 0.0865044
4540 0.0865639
4560 0.0864035
4580 0.0864629
4600 0.0863043
4620 0.0861472
4640 0.0864224
4660 0.0862661
4680 0.0863248
4700 0.086383
4720 0.0866525
4740 0.0867089
4760 0.0869748
4780 0.0872385
4800 0.086875
4820 0.0869295
4840 0.0867769
4860 0.0868313
4880 0.0866803
4900 0.0867347
4920 0.0867886
4940 0.0870445
4960 0.0872984
4980 0.0871486
5000 0.0874
5020 0.0874502
5040 0.0871032
5060 0.0873518
5080 0.0872047
5100 0.0872549
5120 0.0875
5140 0.0875486
5160 0.0874031
5180 0.0876448
5200 0.0884615
5220 0.0885057
5240 0.0883588
5260 0.0882129
5280 0.088447
5300 0.0883019
5320 0.0881579
5340 0.0878277
5360 0.0876866
5380 0.0877323
5400 0.0874074
5420 0.0876384
5440 0.0875
5460 0.0871795
5480 0.0870438
5500 0.0869091
5520 0.0869565
5540 0.0866426
5560 0.0865108
5580 0.0865591
5600 0.0871429
5620 0.0871886
5640 0.087234
5660 0.0876325
5680 0.0880282
5700 0.0880702
5720 0.0882867
5740 0.0879791
5760 0.0878472
5780 0.0875432
5800 0.087931
5820 0.0879725
5840 0.0880137
5860 0.0880546
5880 0.0880952
5900 0.0883051
5920 0.0883446
5940 0.0883838
5960 0.0885906
5980 0.0886288
6000 0.0886667
6020 0.0888704
6040 0.0892384
6060 0.0889439
6080 0.0889803
6100 0.0890164
6120 0.0887255
6140 0.0887622
6160 0.0887987
6180 0.0891586
6200 0.0891935
6220 0.0890675
6240 0.0889423
6260 0.0891374
6280 0.089172
6300 0.0893651
6320 0.089557
6340 0.0897476
6360 0.0897799
6380 0.0898119
6400 0.09
6420 0.0900312
6440 0.090528
6460 0.0907121
6480 0.0907407
6500 0.0907692
6520 0.0907975
6540 0.0908257
6560 0.0908537
6580 0.0907295
6600 0.0909091
6620 0.0907855
6640 0.0908132
6660 0.0908408
6680 0.0908683
6700 0.0907463
6720 0.090625
6740 0.0906528
6760 0.0906805
6780 0.090708
6800 0.0905882
6820 0.0904692
6840 0.0906433
6860 0.090379
6880 0.0902616
6900 0.0901449
6920 0.0900289
6940 0.0897695
6960 0.0897989
6980 0.0898281
7000 0.0901429
7020 0.0900285
7040 0.0899148
7060 0.0899433
7080 0.0898305
7100 0.09
7120 0.0898876
7140 0.0897759
7160 0.0898045
7180 0.0896936
7200 0.0898611
7220 0.0898892
7240 0.0899171
7260 0.0900826
7280 0.0898352
7300 0.089863
7320 0.0900273
7340 0.0899183
7360 0.0898098
7380 0.0897019
7400 0.0897297
7420 0.0898922
7440 0.0897849
7460 0.0898123
7480 0.0897059
7500 0.0898667
7520 0.0896277
7540 0.0893899
7560 0.0895503
7580 0.089314
7600 0.0893421
7620 0.0895013
7640 0.0893979
7660 0.089295
7680 0.0893229
7700 0.0893506
7720 0.0893782
7740 0.0892765
7760 0.0895619
7780 0.0895887
7800 0.0898718
7820 0.0900256
7840 0.090051
7860 0.0900763
7880 0.0898477
7900 0.0902532
7920 0.0900253
7940 0.0897985
7960 0.0898241
7980 0.0897243
8000 0.089625
8020 0.0895262
8040 0.0895522
8060 0.0895782
8080 0.089604
8100 0.0893827
8120 0.0896552
8140 0.0894349
8160 0.0897059
8180 0.0896088
8200 0.0896341
8220 0.089781
8240 0.0898058
8260 0.0898305
8280 0.0902174
8300 0.0903614
8320 0.0905048
8340 0.0905276
8360 0.0907895
8380 0.0909308
8400 0.0909524
8420 0.0908551
8440 0.0908768
8460 0.0908983
8480 0.0908019
8500 0.0910588
8520 0.0908451
8540 0.0911007
8560 0.0910047
8580 0.0910256
8600 0.090814
8620 0.0907193
8640 0.090625
8660 0.0904157
8680 0.0904378
8700 0.0904598
8720 0.0905963
8740 0.0905034
8760 0.0902968
8780 0.0906606
8800 0.0906818
8820 0.090703
8840 0.090724
8860 0.0909707
8880 0.090991
8900 0.0908989
8920 0.0909193
8940 0.0911633
8960 0.0910714
8980 0.09098
9000 0.091
9020 0.0907982
9040 0.090708
9060 0.0906181
9080 0.0904185
9100 0.0904396
9120 0.0902412
9140 0.0902626
9160 0.0900655
9180 0.0899782
9200 0.0901087
9220 0.0901302
9240 0.0901515
9260 0.0899568
9280 0.0898707
9300 0.0897849
9320 0.0899142
9340 0.0898287
9360 0.0898504
9380 0.0899787
9400 0.0898936
9420 0.0899151
9440 0.0899364
9460 0.089852
9480 0.0897679
9500 0.0897895
9520 0.0898109
9540 0.0897275
9560 0.089749
9580 0.089666
9600 0.0896875
9620 0.089605
9640 0.0895228
9660 0.0895445
9680 0.0895661
9700 0.0895876
9720 0.0895062
9740 0.089425
9760 0.0896516
9780 0.0896728
9800 0.0897959
9820 0.0899185
9840 0.089939
9860 0.089858
9880 0.090081
9900 0.090303
9920 0.0908266
9940 0.0911469
9960 0.0910643
9980 0.0911824
10000 0.0911
