20 0.55
40 0.55
60 0.483333
80 0.4875
100 0.53
120 0.525
140 0.528571
160 0.53125
180 0.527778
200 0.55
220 0.559091
240 0.554167
260 0.557692
280 0.546429
300 0.543333
320 0.534375
340 0.529412
360 0.536111
380 0.542105
400 0.535
420 0.533333
440 0.529545
460 0.530435
480 0.529167
500 0.524
520 0.525
540 0.524074
560 0.526786
580 0.524138
600 0.526667
620 0.527419
640 0.53125
660 0.531818
680 0.529412
700 0.53
720 0.534722
740 0.536487
760 0.539474
780 0.537179
800 0.535
820 0.534146
840 0.527381
860 0.524419
880 0.526136
900 0.525556
920 0.527174
940 0.525532
960 0.526042
980 0.526531
1000 0.531
1020 0.530392
1040 0.525
1060 0.523585
1080 0.527778
1100 0.525455
1120 0.525893
1140 0.524561
1160 0.525
1180 0.527966
1200 0.526667
1220 0.527049
1240 0.529839
1260 0.529365
1280 0.528906
1300 0.530769
1320 0.528788
1340 0.529851
1360 0.530147
1380 0.527536
1400 0.525714
1420 0.523944
1440 0.522917
1460 0.521918
1480 0.524324
1500 0.523333
1520 0.524342
1540 0.524675
1560 0.521795
1580 0.520253
1600 0.518125
1620 0.519136
1640 0.518902
1660 0.518072
1680 0.516071
1700 0.516471
1720 0.515116
1740 0.515517
1760 0.513068
1780 0.511236
1800 0.508333
1820 0.506593
1840 0.506522
1860 0.506989
1880 0.507979
1900 0.508947
1920 0.509375
1940 0.512887
1960 0.511225
1980 0.512121
2000 0.5125
2020 0.510396
2040 0.512255
2060 0.512621
2080 0.515385
2100 0.516667
2120 0.517925
2140 0.519626
2160 0.518981
2180 0.51789
2200 0.517273
2220 0.517117
2240 0.516518
2260 0.517699
2280 0.517544
2300 0.516522
2320 0.51681
2340 0.515812
2360 0.515254
2380 0.514706
2400 0.514583
2420 0.515289
2440 0.514754
2460 0.514228
2480 0.513306
2500 0.5128
2520 0.511905
2540 0.511024
2560 0.5125
2580 0.512791
2600 0.513077
2620 0.511832
2640 0.512879
2660 0.512406
2680 0.510821
2700 0.512222
2720 0.513235
2740 0.512044
2760 0.51413
2780 0.514029
2800 0.515
2820 0.515603
2840 0.515845
2860 0.516084
2880 0.517014
2900 0.516207
2920 0.516438
2940 0.516667
2960 0.516892
2980 0.517785
3000 0.518667
3020 0.519205
3040 0.520066
3060 0.519935
3080 0.519805
3100 0.519355
3120 0.517949
3140 0.517834
3160 0.518987
3180 0.516667
3200 0.51625
3220 0.516149
3240 0.516049
3260 0.517485
3280 0.517988
3300 0.518788
3320 0.518072
3340 0.518263
3360 0.518452
3380 0.518047
3400 0.517941
3420 0.518129
3440 0.517733
3460 0.519075
3480 0.519253
3500 0.520571
3520 0.519602
3540 0.519209
3560 0.519663
3580 0.518436
3600 0.518333
3620 0.51768
3640 0.516484
3660 0.516393
3680 0.515217
3700 0.515405
3720 0.515323
3740 0.515775
3760 0.516223
3780 0.516931
3800 0.516579
3820 0.516492
3840 0.517187
3860 0.518135
3880 0.518557
3900 0.517692
3920 0.518367
3940 0.51802
3960 0.518182
3980 0.517588
4000 0.51725
4020 0.516667
4040 0.516832
4060 0.517488
4080 0.518382
4100 0.518049
4120 0.517718
4140 0.517633
4160 0.517548
4180 0.518182
4200 0.517619
4220 0.518246
4240 0.51816
4260 0.518075
4280 0.517523
4300 0.518605
4320 0.518056
4340 0.518203
4360 0.518578
4380 0.518037
4400 0.518182
4420 0.518326
4440 0.518694
4460 0.518834
4480 0.518527
4500 0.518444
4520 0.518805
4540 0.518943
4560 0.51864
4580 0.519214
4600 0.518913
4620 0.517965
4640 0.518319
4660 0.518026
4680 0.517949
4700 0.518511
4720 0.519068
4740 0.518143
4760 0.518277
4780 0.51841
4800 0.518333
4820 0.518672
4840 0.519008
4860 0.519547
4880 0.519672
4900 0.520204
4920 0.519309
4940 0.520041
4960 0.520161
4980 0.520683
5000 0.5208
5020 0.520319
5040 0.521032
5060 0.520553
5080 0.520669
5100 0.52
5120 0.520312
5140 0.520428
5160 0.520543
5180 0.520849
5200 0.521731
5220 0.521648
5240 0.520802
5260 0.520722
5280 0.521023
5300 0.521132
5320 0.521617
5340 0.52191
5360 0.521455
5380 0.521375
5400 0.520926
5420 0.521033
5440 0.521324
5460 0.521062
5480 0.52135
5500 0.520545
5520 0.520109
5540 0.520036
5560 0.519424
5580 0.519355
5600 0.52
5620 0.519751
5640 0.519681
5660 0.519788
5680 0.520247
5700 0.52
5720 0.519755
5740 0.519686
5760 0.519097
5780 0.518685
5800 0.518966
5820 0.518385
5840 0.518151
5860 0.518259
5880 0.518027
5900 0.517627
5920 0.517568
5940 0.518182
5960 0.518289
5980 0.518562
6000 0.518667
6020 0.518937
6040 0.519536
6060 0.519967
6080 0.519737
6100 0.519836
6120 0.520098
6140 0.520195
6160 0.52013
6180 0.519741
6200 0.520161
6220 0.519936
6240 0.519391
6260 0.519169
6280 0.519108
6300 0.518889
6320 0.519304
6340 0.519401
6360 0.519497
6380 0.518809
6400 0.518438
6420 0.519003
6440 0.519099
6460 0.519195
6480 0.519444
6500 0.519538
6520 0.519632
6540 0.519419
6560 0.519817
6580 0.520061
6600 0.520151
6620 0.51994
6640 0.519729
6660 0.51997
6680 0.519162
6700 0.518955
6720 0.519196
6740 0.519881
6760 0.520118
6780 0.519912
6800 0.520147
6820 0.519795
6840 0.520175
6860 0.519971
6880 0.520203
6900 0.52029
6920 0.520376
6940 0.520749
6960 0.520833
6980 0.521347
7000 0.521
7020 0.52094
7040 0.520881
7060 0.521246
7080 0.521186
7100 0.520845
7120 0.520506
7140 0.520448
7160 0.520531
7180 0.520474
7200 0.520833
7220 0.520776
7240 0.520856
7260 0.52135
7280 0.521566
7300 0.521644
7320 0.521311
7340 0.520708
7360 0.520652
7380 0.520596
7400 0.521081
7420 0.520889
7440 0.520699
7460 0.520241
7480 0.520321
7500 0.520133
7520 0.520745
7540 0.520557
7560 0.520899
7580 0.520317
7600 0.520658
7620 0.520735
7640 0.520288
7660 0.520235
7680 0.519792
7700 0.52
7720 0.519819
7740 0.519251
7760 0.51933
7780 0.51928
7800 0.519487
7820 0.519565
7840 0.518878
7860 0.519084
7880 0.518528
7900 0.518608
7920 0.518939
7940 0.518766
7960 0.51897
7980 0.518546
8000 0.518625
8020 0.518828
8040 0.518657
8060 0.518983
8080 0.519307
8100 0.518889
8120 0.519089
8140 0.518673
8160 0.518627
8180 0.518337
8200 0.518049
8220 0.517518
8240 0.517354
8260 0.517554
8280 0.518116
8300 0.518313
8320 0.51851
8340 0.518945
8360 0.5189
8380 0.519332
8400 0.519405
8420 0.519359
8440 0.519076
8460 0.519385
8480 0.519222
8500 0.519176
8520 0.518779
8540 0.518501
8560 0.518224
8580 0.518415
8600 0.51814
8620 0.517633
8640 0.517708
8660 0.517206
8680 0.516935
8700 0.516782
8720 0.517202
8740 0.517277
8760 0.51758
8780 0.517768
8800 0.518182
8820 0.518254
8840 0.517647
8860 0.51772
8880 0.517793
8900 0.517865
8920 0.517377
8940 0.517002
8960 0.516629
8980 0.516592
9000 0.516556
9020 0.516408
9040 0.516814
9060 0.516667
9080 0.5163
9100 0.516593
9120 0.516338
9140 0.516958
9160 0.516703
9180 0.516667
9200 0.517065
9220 0.517245
9240 0.517316
9260 0.517495
9280 0.517349
9300 0.517312
9320 0.517382
9340 0.517452
9360 0.517628
9380 0.51791
9400 0.517872
9420 0.518153
9440 0.517691
9460 0.517653
9480 0.517511
9500 0.517474
9520 0.517122
9540 0.517296
9560 0.517678
9580 0.517537
9600 0.517292
9620 0.51736
9640 0.517427
9660 0.517184
9680 0.517149
9700 0.51701
9720 0.516975
9740 0.517248
9760 0.517213
9780 0.517076
9800 0.517347
9820 0.517006
9840 0.51687
9860 0.517241
9880 0.517611
9900 0.517576
9920 0.518044
9940 0.51831
9960 0.518574
9980 0.518737
10000 0.5187
