20 0.2
40 0.15
60 0.116667
80 0.1
100 0.11
120 0.0916667
140 0.0928571
160 0.1125
180 0.111111
200 0.105
220 0.1
240 0.108333
260 0.111538
280 0.117857
300 0.116667
320 0.115625
340 0.114706
360 0.113889
380 0.107895
400 0.105
420 0.104762
440 0.104545
460 0.108696
480 0.10625
500 0.106
520 0.103846
540 0.103704
560 0.1
580 0.0982759
600 0.0966667
620 0.0951613
640 0.09375
660 0.0924242
680 0.0926471
700 0.0928571
720 0.0944444
740 0.0959459
760 0.0960526
780 0.0961538
800 0.0975
820 0.10122
840 0.102381
860 0.101163
880 0.101136
900 0.102222
920 0.101087
940 0.1
960 0.0989583
980 0.10102
1000 0.1
1020 0.10098
1040 0.100962
1060 0.10283
1080 0.102778
1100 0.103636
1120 0.101786
1140 0.101754
1160 0.103448
1180 0.104237
1200 0.104167
1220 0.103279
1240 0.103226
1260 0.102381
1280 0.103125
1300 0.104615
1320 0.105303
1340 0.104478
1360 0.103676
1380 0.102899
1400 0.102857
1420 0.102113
1440 0.102778
1460 0.10274
1480 0.103378
1500 0.102
1520 0.101316
1540 0.101948
1560 0.101282
1580 0.101266
1600 0.10125
1620 0.100617
1640 0.10122
1660 0.101205
1680 0.1
1700 0.0994118
1720 0.0994186
1740 0.100575
1760 0.1
1780 0.0994382
1800 0.0994444
1820 0.1
1840 0.0994565
1860 0.0983871
1880 0.0978723
1900 0.0984211
1920 0.0994792
1940 0.1
1960 0.10051
1980 0.101515
2000 0.102
2020 0.102475
2040 0.102941
2060 0.101942
2080 0.102885
2100 0.103333
2120 0.10283
2140 0.102336
2160 0.101852
2180 0.101376
2200 0.101818
2220 0.101351
2240 0.101339
2260 0.100885
2280 0.101316
2300 0.100435
2320 0.101724
2340 0.101709
2360 0.101695
2380 0.101261
2400 0.10125
2420 0.102066
2440 0.102049
2460 0.10122
2480 0.10121
2500 0.1004
2520 0.100397
2540 0.101969
2560 0.101953
2580 0.102713
2600 0.103846
2620 0.104198
2640 0.103788
2660 0.104135
2680 0.103358
2700 0.102593
2720 0.103309
2740 0.102555
2760 0.103261
2780 0.102518
2800 0.102857
2820 0.102482
2840 0.102817
2860 0.103147
2880 0.102778
2900 0.102759
2920 0.102055
2940 0.101701
2960 0.102365
2980 0.102013
3000 0.102
3020 0.101987
3040 0.102961
3060 0.103268
3080 0.103896
3100 0.104194
3120 0.103846
3140 0.103822
3160 0.103481
3180 0.103145
3200 0.10375
3220 0.103727
3240 0.104012
3260 0.104294
3280 0.104268
3300 0.103939
3320 0.103313
3340 0.103593
3360 0.103869
3380 0.10355
3400 0.103235
3420 0.102924
3440 0.102907
3460 0.102601
3480 0.102299
3500 0.102286
3520 0.101705
3540 0.101412
3560 0.101404
3580 0.101397
3600 0.101111
3620 0.101381
3640 0.101099
3660 0.101093
3680 0.101087
3700 0.100541
3720 0.100538
3740 0.100267
3760 0.100798
3780 0.100529
3800 0.101316
3820 0.101309
3840 0.101302
3860 0.101036
3880 0.101031
3900 0.100513
3920 0.10102
3940 0.100508
3960 0.100505
3980 0.100754
4000 0.10075
4020 0.100498
4040 0.100743
4060 0.100739
4080 0.101225
4100 0.101463
4120 0.101699
4140 0.101208
4160 0.101202
4180 0.101675
4200 0.101429
4220 0.101422
4240 0.101415
4260 0.101408
4280 0.101402
4300 0.101628
4320 0.102083
4340 0.101843
4360 0.101606
4380 0.101598
4400 0.101591
4420 0.101357
4440 0.101802
4460 0.10157
4480 0.101786
4500 0.101778
4520 0.101327
4540 0.101322
4560 0.101535
4580 0.101528
4600 0.101087
4620 0.101082
4640 0.100862
4660 0.100858
4680 0.101068
4700 0.101064
4720 0.101695
4740 0.101477
4760 0.101681
4780 0.101883
4800 0.101875
4820 0.101452
4840 0.101033
4860 0.101029
4880 0.101025
4900 0.100816
4920 0.101016
4940 0.10081
4960 0.100806
4980 0.100803
5000 0.1004
5020 0.1
5040 0.1
5060 0.0998024
5080 0.0996063
5100 0.0996078
5120 0.0992187
5140 0.0992218
5160 0.0992248
5180 0.0992278
5200 0.0996154
5220 0.0994253
5240 0.0994275
5260 0.0994297
5280 0.0996212
5300 0.099434
5320 0.1
5340 0.1
5360 0.1
5380 0.1
5400 0.1
5420 0.099631
5440 0.0992647
5460 0.0992674
5480 0.0990876
5500 0.0992727
5520 0.098913
5540 0.0987365
5560 0.0985612
5580 0.0987455
5600 0.0985714
5620 0.0987545
5640 0.0987589
5660 0.0985866
5680 0.0991197
5700 0.0996491
5720 0.1
5740 0.0998258
5760 0.100347
5780 0.100173
5800 0.100345
5820 0.100515
5840 0.100342
5860 0.1
5880 0.1
5900 0.1
5920 0.0998311
5940 0.0996633
5960 0.1
5980 0.1
6000 0.100167
6020 0.0998339
6040 0.0998344
6060 0.1
6080 0.1
6100 0.100164
6120 0.1
6140 0.100163
6160 0.100162
6180 0.1
6200 0.100323
6220 0.100482
6240 0.100481
6260 0.100639
6280 0.100637
6300 0.100476
6320 0.100316
6340 0.100158
6360 0.0998428
6380 0.1
6400 0.1
6420 0.0998442
6440 0.1
6460 0.100155
6480 0.100154
6500 0.100308
6520 0.100307
6540 0.100459
6560 0.100152
6580 0.100152
6600 0.100455
6620 0.100453
6640 0.100151
6660 0.10015
6680 0.100449
6700 0.100299
6720 0.100595
6740 0.100445
6760 0.100296
6780 0.10059
6800 0.100441
6820 0.100733
6840 0.101023
6860 0.100875
6880 0.100581
6900 0.101014
6920 0.101012
6940 0.101153
6960 0.101006
6980 0.10086
7000 0.100857
7020 0.10057
7040 0.100568
7060 0.100567
7080 0.100847
7100 0.101127
7120 0.100983
7140 0.10098
7160 0.100838
7180 0.100975
7200 0.10125
7220 0.101108
7240 0.100967
7260 0.100964
7280 0.100687
7300 0.100685
7320 0.100546
7340 0.100409
7360 0.100543
7380 0.100407
7400 0.100135
7420 0.0998652
7440 0.1
7460 0.1
7480 0.0997326
7500 0.0997333
7520 0.0996011
7540 0.0994695
7560 0.0993386
7580 0.0992084
7600 0.0992105
7620 0.0992126
7640 0.0992147
7660 0.0990862
7680 0.0989583
7700 0.0987013
7720 0.0987047
7740 0.0988372
7760 0.0987113
7780 0.0987146
7800 0.098718
7820 0.0984655
7840 0.0983418
7860 0.0980916
7880 0.0979695
7900 0.0983544
7920 0.0982323
7940 0.0979849
7960 0.0978643
7980 0.0977444
8000 0.09775
8020 0.0977556
8040 0.0976368
8060 0.0977667
8080 0.097896
8100 0.0977778
8120 0.0975369
8140 0.0976658
8160 0.0977941
8180 0.0977995
8200 0.0980488
8220 0.0981752
8240 0.0980583
8260 0.0979419
8280 0.0979469
8300 0.0979518
8320 0.0980769
8340 0.0978417
8360 0.0978469
8380 0.0977327
8400 0.0975
8420 0.0973872
8440 0.0971564
8460 0.0971631
8480 0.0970519
8500 0.0968235
8520 0.0967136
8540 0.0967213
8560 0.0966121
8580 0.0965035
8600 0.0963954
8620 0.0965197
8640 0.0967593
8660 0.0969977
8680 0.0970046
8700 0.0971264
8720 0.0973624
8740 0.0973684
8760 0.0976027
8780 0.0974943
8800 0.0973864
8820 0.0971655
8840 0.0969457
8860 0.0967269
8880 0.0968468
8900 0.0969663
8920 0.0967489
8940 0.0966443
8960 0.0965402
8980 0.0965479
9000 0.0966667
9020 0.0964523
9040 0.0964602
9060 0.0963576
9080 0.0961454
9100 0.0959341
9120 0.0962719
9140 0.0961707
9160 0.096179
9180 0.0961874
9200 0.096087
9220 0.0962039
9240 0.0962121
9260 0.0961123
9280 0.0962285
9300 0.0963441
9320 0.0963519
9340 0.0962527
9360 0.0962607
9380 0.0964819
9400 0.096383
9420 0.0963907
9440 0.0961864
9460 0.0960888
9480 0.0958861
9500 0.0958947
9520 0.0959034
9540 0.0958071
9560 0.0957113
9580 0.0956159
9600 0.095625
9620 0.0956341
9640 0.0955394
9660 0.0953416
9680 0.0953512
9700 0.0954639
9720 0.0953704
9740 0.0953799
9760 0.0952869
9780 0.0953988
9800 0.0954082
9820 0.0956212
9840 0.0955285
9860 0.0955375
9880 0.095749
9900 0.0957576
9920 0.0957661
9940 0.0959759
9960 0.0959839
9980 0.095992
10000 0.096
